NODES 
   Id           x             y            Type 
    0        0.00          0.00               D 
    1       11.05         42.01               C 
    2       14.95         37.08               C 
    3       14.10         37.48               C 
    4       11.88         37.34               C 
    5       12.17         34.12               C 
    6       18.12         32.32               C 
    7        7.29         32.09               C 
    8        9.75         42.35               C 
    9       11.84         34.16               C 
   10       13.59         42.02               C 
   11       17.22         40.15               C 
   12       12.11         42.16               C 
   13       11.72         42.98               C 
   14       15.58         33.00               C 
   15       12.10         36.17               C 
   16       43.51         13.86               C 
   17       39.31         18.22               C 
   18       42.46          7.44               C 
   19       37.28          6.69               C 
   20       31.43         17.33               C 
   21       39.04          9.34               C 
   22       34.14          6.36               C 
   23       37.84         16.44               C 
   24       40.31          8.01               C 
   25       38.84         17.25               C 
   26       38.60          7.44               C 
   27       36.67         10.66               C 
   28       34.30         13.67               C 
   29       36.61         13.56               C 
   30       31.38         14.60               C 
   31       12.50         25.00               S 
   32       25.00         12.50               S 

RECHARGERS 
   Id      NumRec 
    0           4 
   31           1 
   32           1 

CUSTOMERS 
   Id           Q            ST               R                 D 
    1          23          0.28           13.62             22.17 
    2          48          0.38            6.80             12.92 
    3          21          0.21            8.06             14.23 
    4          21          0.17           11.52             20.20 
    5          50          0.45            9.14             15.98 
    6          41          0.49            9.48             17.07 
    7          31          0.25           14.04             22.39 
    8          35          0.28            3.90              7.34 
    9          43          0.43           12.18             19.67 
   10          21          0.19           15.68             25.94 
   11          42          0.38            3.84              8.48 
   12          41          0.45           14.37             24.48 
   13          34          0.41            9.53             16.43 
   14          38          0.42            3.70              7.58 
   15          30          0.30            9.26             15.22 
   16          25          0.28            8.50             14.82 
   17          32          0.29            4.19              8.53 
   18          48          0.53            1.67              4.14 
   19          27          0.30            9.03             15.20 
   20          31          0.34           10.03             16.77 
   21          30          0.27            3.19              7.61 
   22          22          0.20           10.69             18.36 
   23          35          0.28           11.14             19.19 
   24          45          0.49           13.40             22.14 
   25          48          0.48            3.46              6.95 
   26          42          0.38           13.21             21.16 
   27          31          0.34            6.01             11.95 
   28          29          0.26           13.12             21.12 
   29          41          0.49           15.72             24.71 
   30          47          0.56            7.30             12.75 

INSTDATA 
 Tmax        NumV      Capacity Speed        DistCost  Batt    Ro Alpha 
   34           4           422    50               5    14  0.15  2.00 

