NODES 
   Id           x             y            Type 
    0        0.00          0.00               D 
    1       17.96         34.37               C 
    2       13.45         34.81               C 
    3        7.25         37.87               C 
    4       11.42         38.25               C 
    5        8.51         36.44               C 
    6       18.70         42.57               C 
    7       12.75         35.06               C 
    8       17.32         39.37               C 
    9       14.35         34.86               C 
   10       12.08         34.44               C 
   11        7.44         35.73               C 
   12       18.35         41.32               C 
   13       14.00         37.99               C 
   14        8.20         38.63               C 
   15       11.23         34.14               C 
   16       17.28         32.52               C 
   17       12.99         39.31               C 
   18       13.05         43.50               C 
   19       11.78         32.52               C 
   20        8.55         33.60               C 
   21       31.37         16.10               C 
   22       41.73          7.83               C 
   23       37.27         12.81               C 
   24       37.11         17.49               C 
   25       42.61          7.61               C 
   26       36.46         14.18               C 
   27       38.05          7.26               C 
   28       39.99         11.39               C 
   29       32.24         15.16               C 
   30       37.62          7.51               C 
   31       37.34         16.37               C 
   32       41.95         14.22               C 
   33       38.93         17.48               C 
   34       32.72         14.02               C 
   35       38.84         11.43               C 
   36       33.30         14.34               C 
   37       36.24         12.37               C 
   38       37.90          7.42               C 
   39       42.19         14.22               C 
   40       39.49         18.13               C 
   41       12.50         31.25               S 
   42       31.25         12.50               S 

RECHARGERS 
   Id      NumRec 
    0           4 
   41           1 
   42           1 

CUSTOMERS 
   Id           Q            ST               R                 D 
    1          27          0.22            3.54             13.07 
    2          46          0.37            1.91              8.17 
    3          45          0.36            2.95             11.81 
    4          20          0.20            9.98             31.47 
    5          34          0.34            7.51             25.40 
    6          49          0.44            8.62             27.00 
    7          34          0.37           10.85             34.44 
    8          46          0.51            3.40             12.75 
    9          36          0.43            8.93             27.97 
   10          33          0.33           14.46             46.12 
   11          20          0.20            1.94              8.09 
   12          35          0.39           14.12             44.06 
   13          47          0.47           10.89             34.57 
   14          48          0.53            7.66             24.02 
   15          28          0.34           13.88             44.53 
   16          24          0.22            8.26             26.92 
   17          20          0.22           15.85             49.35 
   18          29          0.29            4.54             16.34 
   19          36          0.40           11.29             35.20 
   20          45          0.40            1.17              4.86 
   21          40          0.44            4.11             15.14 
   22          48          0.38           11.55             35.92 
   23          43          0.39            7.41             24.55 
   24          25          0.30            5.95             20.05 
   25          49          0.54            4.31             14.31 
   26          30          0.30            4.25             15.16 
   27          38          0.30            4.89             16.22 
   28          42          0.34            8.27             26.26 
   29          46          0.37            6.34             21.28 
   30          30          0.36           12.19             38.55 
   31          34          0.41           10.21             32.26 
   32          25          0.25            5.73             18.46 
   33          34          0.41           13.49             42.04 
   34          34          0.37           14.56             44.91 
   35          23          0.23           10.27             32.37 
   36          39          0.31            8.65             28.02 
   37          47          0.42            1.91              7.61 
   38          33          0.40            4.37             15.94 
   39          25          0.23           11.40             35.42 
   40          29          0.32            6.52             21.18 

INSTDATA 
 Tmax        NumV      Capacity Speed        DistCost  Batt    Ro Alpha 
   80           4           700    50               5    15  0.15  1.00 

