NODES 
   Id           x             y            Type 
    0        0.00          0.00               D 
    1       17.16         42.05               C 
    2       17.92         36.11               C 
    3       14.61         36.93               C 
    4        8.83         34.33               C 
    5       14.42         41.06               C 
    6        7.15         42.29               C 
    7       11.33         42.67               C 
    8       14.59         38.23               C 
    9       17.92         38.74               C 
   10       16.39         33.11               C 
   11       12.31         42.50               C 
   12       15.71         36.88               C 
   13       11.46         33.82               C 
   14       18.40         42.50               C 
   15       18.60         40.78               C 
   16       42.28         13.87               C 
   17       34.81         13.43               C 
   18       39.67         10.33               C 
   19       39.55         11.96               C 
   20       32.79         15.17               C 
   21       36.34         17.31               C 
   22       34.69         15.26               C 
   23       40.21          6.48               C 
   24       34.79         14.68               C 
   25       42.45         11.73               C 
   26       41.58         11.72               C 
   27       36.13          7.71               C 
   28       37.47         16.43               C 
   29       39.94         10.31               C 
   30       41.68          9.33               C 
   31       12.50         25.00               S 
   32       25.00         12.50               S 

RECHARGERS 
   Id      NumRec 
    0           4 
   31           1 
   32           1 

CUSTOMERS 
   Id           Q            ST               R                 D 
    1          36          0.29            7.62             13.92 
    2          38          0.46            2.23              6.04 
    3          43          0.34           11.17             18.02 
    4          46          0.46           13.74             22.01 
    5          31          0.25           10.16             17.32 
    6          22          0.24            3.66              6.50 
    7          42          0.46           12.38             21.10 
    8          30          0.27            7.41             12.23 
    9          46          0.51            9.69             15.89 
   10          31          0.31           11.92             19.95 
   11          45          0.54            4.93             10.23 
   12          25          0.25           12.38             21.35 
   13          24          0.29            2.10              4.51 
   14          47          0.47           11.87             20.19 
   15          21          0.19           12.67             21.00 
   16          41          0.41            7.45             13.39 
   17          42          0.38           13.75             22.96 
   18          33          0.40            8.85             14.87 
   19          31          0.31           11.53             19.06 
   20          50          0.45            9.45             16.96 
   21          32          0.32           13.57             23.15 
   22          33          0.36           14.98             25.10 
   23          24          0.24            1.24              2.87 
   24          30          0.24            2.43              5.17 
   25          29          0.35            1.65              4.32 
   26          47          0.47            6.20             11.38 
   27          27          0.24           14.92             23.97 
   28          29          0.26            6.20             12.01 
   29          32          0.29            6.23             10.61 
   30          41          0.41            8.62             15.65 

INSTDATA 
 Tmax        NumV      Capacity Speed        DistCost  Batt    Ro Alpha 
   33           4          420    50                5    14   0.2  2.00 

