NODES 
   Id           x             y            Type 
    0        0.00          0.00               D 
    1       14.64         38.91               C 
    2       13.34         41.27               C 
    3        8.10         42.98               C 
    4       18.37         32.23               C 
    5       18.65         43.13               C 
    6       10.04         34.28               C 
    7        6.92         33.97               C 
    8       18.27         32.62               C 
    9       11.61         37.99               C 
   10        8.95         34.42               C 
   11       10.15         41.69               C 
   12       17.93         32.48               C 
   13       18.41         41.17               C 
   14        7.37         38.27               C 
   15       18.32         31.26               C 
   16       37.91          7.19               C 
   17       33.90          8.37               C 
   18       38.58         12.68               C 
   19       37.03         15.99               C 
   20       39.86         10.73               C 
   21       34.32          9.92               C 
   22       42.97          8.15               C 
   23       39.84         17.57               C 
   24       42.88          9.66               C 
   25       36.47         10.52               C 
   26       41.42          6.87               C 
   27       36.75          8.81               C 
   28       40.78         12.80               C 
   29       31.36          9.22               C 
   30       43.69         13.65               C 
   31       41.41         37.23               C 
   32       36.08         40.95               C 
   33       41.04         37.16               C 
   34       40.19         35.24               C 
   35       43.75         36.09               C 
   36       31.50         40.08               C 
   37       39.49         42.47               C 
   38       37.91         40.69               C 
   39       43.22         32.95               C 
   40       39.94         32.72               C 
   41       37.09         32.44               C 
   42       34.96         34.66               C 
   43       36.51         31.87               C 
   44       36.20         33.32               C 
   45       32.54         43.37               C 
   46       12.50         37.50               S 
   47       37.50         37.50               S 
   48       37.50         12.50               S 

RECHARGERS 
   Id      NumRec 
    0           6 
   46           1 
   47           1 
   48           1 

CUSTOMERS 
   Id           Q            ST               R                 D 
      1  38 0.34 9.15 25.30   
      2  28 0.31 15.48 35.37   
      3  29 0.35 11.83 30.51   
      4  35 0.39 10.89 28.37   
      5  36 0.29 5.07 19.95   
      6  20 0.24 13.94 32.85   
      7  23 0.23 14.76 29.27   
      8  24 0.24 8.38 25.40   
      9  43 0.39 8.36 24.50   
     10  26 0.21 5.18 18.96   
     11  35 0.32 10.97 27.71   
     12  27 0.24 2.73 15.99   
     13  40 0.44 9.27 26.82   
     14  39 0.31 9.59 25.54   
     15  46 0.41 6.44 20.70   
     16  47 0.52 7.91 24.78   
     17  49 0.39 15.58 34.65   
     18  45 0.49 5.17 20.69   
     19  22 0.24 12.59 31.10   
     20  29 0.32 13.55 32.68   
     21  23 0.23 14.91 35.31   
     22  41 0.49 2.14 14.27   
     23  34 0.27 11.63 29.73   
     24  30 0.30 8.10 24.27   
     25  44 0.48 2.52 16.42   
     26  21 0.23 6.76 22.96   
     27  25 0.30 13.57 32.53   
     28  28 0.34 2.68 15.49   
     29  43 0.34 1.33 13.30   
     30  32 0.35 14.02 32.26   
     31  29 0.29 13.65 33.20   
     32  33 0.30 14.15 22.25   
     33  30 0.33 12.73 30.46   
     34  34 0.34 2.06 14.41   
     35  32 0.35 9.27 26.45   
     36  49 0.59 12.34 26.20   
     37  49 0.54 11.34 28.68   
     38  34 0.27 10.26 27.31   
     39  31 0.37 4.68 18.88   
     40  30 0.27 10.59 28.55   
     41  35 0.32 11.56 28.70   
     42  46 0.51 9.61 26.98   
     43  22 0.18 12.38 27.08   
     44  36 0.32 6.36 19.01   
     45  30 0.33 5.64 18.34   

INSTDATA 
 Tmax        NumV      Capacity Speed        DistCost  Batt    Ro Alpha 
   70          6            800    50               5    16   0.2  1.00 

