NODES 
   Id           x             y            Type 
    0        0.00          0.00               D 
	1	10.028	31.900	C
	2	13.268	36.761	C
	3	16.201	39.890	C
	4	12.124	34.517	C
	5	16.140	42.449	C
	6	11.485	36.996	C
	7	15.494	34.150	C
	8	10.719	33.699	C
	9	18.123	41.871	C
	10	15.627	40.520	C
	11	6.495	39.528	C
	12	15.690	32.589	C
	13	17.648	41.702	C
	14	10.597	36.936	C
	15	7.141	39.383	C
	16	16.939	42.555	C
	17	7.429	32.634	C
	18	13.120	38.798	C
	19	17.694	31.455	C
	20	12.775	32.390	C
	21	42.571	12.596	C
	22	38.095	8.069	C
	23	39.303	9.887	C
	24	34.198	12.514	C
	25	39.007	8.023	C
	26	32.237	11.330	C
	27	39.322	13.664	C
	28	33.454	16.367	C
	29	38.987	12.132	C
	30	43.379	14.677	C
	31	39.615	15.715	C
	32	35.398	8.526	C
	33	36.974	13.995	C
	34	31.562	15.874	C
	35	37.789	11.514	C
	36	43.615	11.737	C
	37	40.292	12.360	C
	38	36.212	8.960	C
	39	38.634	16.661	C
	40	38.415	12.519	C
	41 12.500 31.250   S 
    42 31.250 12.500   S 

RECHARGERS 
   Id      NumRec 
    0           4 
   41           1 
   42           1 

CUSTOMERS 
   Id           Q            ST               R                 D 
       1  47 0.56 3.73 12.58   
      2  47 0.52 10.75 34.72   
      3  46 0.51 6.66 22.93   
      4  41 0.41 1.62 6.51   
      5  32 0.29 10.76 33.37   
      6  21 0.17 3.18 11.02   
      7  27 0.27 13.89 44.50   
      8  20 0.16 1.18 5.02   
      9  31 0.28 10.17 33.49   
     10  48 0.43 15.40 48.44   
     11  29 0.35 15.09 47.03   
     12  46 0.37 4.46 15.51   
     13  24 0.26 9.46 29.95   
     14  29 0.26 14.08 44.92   
     15  32 0.26 10.75 34.71   
     16  26 0.21 5.24 16.97   
     17  43 0.52 3.24 12.05   
     18  27 0.24 6.18 20.77   
     19  47 0.52 12.46 39.86   
     20  29 0.29 12.07 37.32   
     21  25 0.23 4.64 15.84   
     22  42 0.50 14.25 44.83   
     23  49 0.59 2.04 8.70   
     24  47 0.47 12.49 39.49   
     25  41 0.49 1.57 7.66   
     26  45 0.45 4.62 16.67   
     27  46 0.55 7.69 24.20   
     28  47 0.38 2.58 9.48   
     29  27 0.32 8.74 27.98   
     30  39 0.31 1.40 6.63   
     31  27 0.22 6.33 21.32   
     32  33 0.36 3.60 13.05   
     33  44 0.40 7.40 24.54   
     34  42 0.46 3.70 13.88   
     35  27 0.32 3.54 11.80   
     36  42 0.38 12.29 39.66   
     37  48 0.53 4.82 16.66   
     38  46 0.51 2.24 8.25   
     39  50 0.50 13.45 42.71   
     40  24 0.29 8.37 26.83   

INSTDATA 
 Tmax        NumV      Capacity Speed        DistCost  Batt    Ro Alpha 
   80           4          700    50                5    15   0.2  1.00 

