NODES 
   Id           x             y            Type 
    0        0.00          0.00               D 
     1 8.917 36.206  C   
      2 9.110 35.450  C   
      3 15.810 36.984  C   
      4 11.202 32.536  C   
      5 16.533 33.381  C   
      6 12.813 39.267  C   
      7 7.534 41.096  C   
      8 6.855 35.904  C   
      9 17.986 35.082  C   
     10 13.934 42.470  C   
     11 18.649 40.305  C   
     12 12.210 36.334  C   
     13 18.533 33.580  C   
     14 13.401 31.895  C   
     15 9.156 43.050  C   
     16 7.713 36.508  C   
     17 7.880 38.702  C   
     18 15.523 37.669  C   
     19 7.979 42.448  C   
     20 8.589 33.573  C   
     21 32.419 10.096  C   
     22 31.957 8.210  C   
     23 31.845 7.214  C   
     24 39.784 15.601  C   
     25 37.194 12.928  C   
     26 42.838 11.924  C   
     27 36.392 16.155  C   
     28 42.125 8.985  C   
     29 40.125 10.081  C   
     30 43.030 15.394  C   
     31 37.252 11.999  C   
     32 36.683 11.313  C   
     33 37.651 9.396  C   
     34 37.806 13.514  C   
     35 37.113 16.354  C   
     36 43.232 6.880  C   
     37 41.951 8.109  C   
     38 35.069 12.393  C   
     39 40.254 17.396  C   
     40 41.933 10.163  C   
   41       12.50         31.25               S 
   42       31.25         12.50               S 

RECHARGERS 
   Id      NumRec 
    0           4 
   41           1 
   42           1 

CUSTOMERS 
   Id           Q            ST               R                 D 
      1  39 0.47 14.36 44.47   
      2  22 0.18 15.98 49.60   
      3  25 0.30 4.55 16.53   
      4  30 0.33 13.15 42.31   
      5  29 0.23 11.83 38.24   
      6  33 0.40 13.82 43.16   
      7  22 0.24 3.25 12.37   
      8  37 0.44 11.13 35.25   
      9  40 0.44 15.00 47.90   
     10  23 0.23 1.81 6.97   
     11  29 0.35 2.31 9.58   
     12  50 0.40 6.97 23.07   
     13  47 0.38 6.20 21.55   
     14  20 0.18 10.14 32.77   
     15  46 0.46 13.70 42.94   
     16  27 0.24 2.21 9.38   
     17  33 0.33 11.39 36.86   
     18  24 0.26 11.16 35.89   
     19  26 0.31 14.30 45.09   
     20  44 0.53 5.83 20.49   
     21  22 0.22 4.15 14.02   
     22  32 0.29 13.54 43.16   
     23  38 0.38 3.99 14.49   
     24  26 0.23 10.29 33.81   
     25  41 0.41 8.55 27.59   
     26  38 0.46 9.72 32.12   
     27  34 0.34 6.32 20.47   
     28  27 0.27 9.89 32.16   
     29  32 0.26 2.44 9.08   
     30  43 0.34 2.62 9.50   
     31  21 0.25 7.88 24.96   
     32  38 0.34 2.03 7.99   
     33  22 0.18 5.41 17.63   
     34  32 0.29 8.70 27.14   
     35  50 0.40 13.31 41.34   
     36  46 0.41 7.45 24.83   
     37  21 0.23 8.99 28.51   
     38  42 0.50 12.35 39.97   
     39  23 0.28 3.03 10.13   
     40  35 0.28 7.44 23.45   

INSTDATA 
 Tmax        NumV      Capacity Speed        DistCost  Batt    Ro Alpha 
   80           4           700    50               5    15   0.2  1.00 

